rktrandom-available? #t
selftest 1
== xoshiro256++
u64 (17334047174172577666 1019500725184315962 11076454993390921235 13198794054228246118 18384680439376990387 17524976921854717818 8410123198282187689 12862787250332927865)
real (0.002362234450130285 0.04854140337443358 0.02111947365264355 0.15925065440436237)
normal (-1.4130052803775788 -1.2234661713533115 -0.3626170447663706 0.4557553436238392)
exp (0.6573822273988735 0.3955816649173654 0.5354330995596075 0.7724620852839807)
int1e6 (189946 657315 575898 517181 339337 692933 349489 570675)
bytes e93bbb67a0f43f57cb0d2ec54aa6d4068155b6b828ff6d45fc8d75f8fe78e93e
flvector (0.009922547161428596 0.8400212528432462 0.6983690279456687 0.05467032886543022)
shuffle (3 2 15 6 7 13 8 12 4 14 11 1 10 9 0 5)
weighted (0 2 3 3 3 3 1 2)
post-jump (18186847579771389461 17890413245807514637)
post-long-jump (10125742093517706219 384245151603878272)
fork-parent (18186847579771389461 17890413245807514637)
fork-child (17334047174172577666 1019500725184315962)
wide-stream (17077005129463945457 10361271553339653835 9404427145507859824 8151293426611166108)
== xoshiro256**
u64 (4073148905097850443 16907417516110497098 10476077682635659128 16198811478327250962 3605589194926321731 5181924416545115982 4872533172087826735 8264674434981986641)
real (0.2418479079344008 0.38157166627234584 0.3156379201680317 0.23669559002082363)
normal (0.27668064409681903 -0.5724029792472628 0.387522881737414 -0.9917525555203278)
exp (0.382262131645857 0.468233476654223 0.7044662587568152 0.8738277547020199)
int1e6 (705481 647314 450026 150488 197975 284179 240405 406146)
bytes ff91eb9fc3f7fa2c7d1c737ce95043b55b1c2d8b699a2efba4ba7a1fbbe8d486
flvector (0.9721659710105688 0.4223047570487166 0.33557312215483526 0.34483335867201204)
shuffle (0 1 4 3 5 10 8 15 13 7 11 9 2 6 14 12)
weighted (2 0 1 2 2 2 3 2)
post-jump (7215985184861154308 15681980301377314506)
post-long-jump (18141533107483329865 7885985287592173624)
fork-parent (7215985184861154308 15681980301377314506)
fork-child (4073148905097850443 16907417516110497098)
wide-stream (11318365638858583863 2236711366007426366 8857272904243283556 14765802547154889634)
== xoroshiro128++
u64 (9385653177620710326 15722945372370030901 3228966491825890063 2396568521359210989 8492133759097898112 2658081229186984688 2088526837474488957 1230696954808930155)
real (0.7910419745351646 0.3568102024997336 0.28039344885414574 0.579317405706917)
normal (0.6115303718509344 -1.0652799400928903 -1.339237854911461 0.17314053482540867)
exp (2.191277088918344 0.07255221412089759 0.4034812526673828 0.020106412148062133)
int1e6 (585888 189091 387477 703525 430183 759601 368693 724201)
bytes 91ab91fe03e9c7cbd9b769700c4c6b449374fe47a62907c11f0f0253b6e090bb
flvector (0.5259624293166191 0.09894954918357302 0.11575817063999982 0.2955076768111369)
shuffle (12 4 10 2 15 14 13 3 9 0 5 11 8 7 1 6)
weighted (2 0 2 1 0 2 2 3)
post-jump (8894365063240032752 362499211966370626)
post-long-jump (6914841785663081213 1632996493808094358)
fork-parent (8894365063240032752 362499211966370626)
fork-child (9385653177620710326 15722945372370030901)
wide-stream (3581575965596379581 16186010402681731517 3609213112574219822 1095073226735026089)
== sfc64
u64 (18121317107001364678 17136321602933052919 11456872205665229972 6263501632334705732 4070355196278896350 5419369851844182154 15285151917209176065 9168250217222519968)
real (0.8436537980193773 0.2829663485303966 0.7990725769767489 0.5165624089959475)
normal (0.6988600403278605 -0.9925291134554545 0.184916268437883 -0.36271750089987487)
exp (0.8938966688057175 0.16287891205727756 0.13347787581435896 0.17260442987690663)
int1e6 (627362 818960 568731 663674 26142 563665 729068 920695)
bytes 7c7667d5d508e38f442976acec919166cf7852d60ecfd1ed39541144ce4397e8
flvector (0.6730058402156801 0.874082021328103 0.2660061197113117 0.7537918108484585)
shuffle (13 1 6 3 15 4 12 8 7 5 0 9 2 11 14 10)
weighted (3 3 1 2 3 1 3 2)
jump none
long-jump none
fork none
wide-stream (9409880067627424970 6106947024468046863 16984462041691211668 11924931518601457088)
== pcg64-dxsm
u64 (6175202394481791130 13331779786113875107 4736569458061877227 4263748293651057179 6433763499500146992 2750684256787534984 14753821458305307342 9008796527028042128)
real (0.08313900385954964 0.6461428067942078 0.7931047982481021 0.7067929985006671)
normal (-0.08452613998523931 -1.368107371898921 0.18641106299551202 0.8529911016470216)
exp (0.4831056833130875 2.9268755546967995 1.8551678402690068 0.18999450629513054)
int1e6 (791889 320378 613410 851862 185344 573818 254232 242799)
bytes c008d80c0ae89839c731da44e6e7fa3538e18897bd65c7edb7ef05baba3c77c2
flvector (0.26119287314049733 0.9092022100845419 0.6380042216391544 0.7116419624115488)
shuffle (13 15 12 0 4 10 5 2 9 11 14 1 8 3 7 6)
weighted (3 2 0 0 1 3 1 3)
post-jump (16950865972399471055 606674415231192297)
long-jump none
fork-parent (16950865972399471055 606674415231192297)
fork-child (6175202394481791130 13331779786113875107)
wide-stream (1210495269692158497 13691099181910594643 13462278077152726742 13638736273735181389)
== philox4x64
u64 (14949158133275231711 7673779577067823817 5726608533840686783 4010617647877392176 4546226999153628625 9253613936485810513 207707567052374524 16642349145603777741)
real (0.1319222043518068 0.7342277113212136 0.6477917716893121 0.8203204159311692)
normal (0.3132843937542075 0.3239474886671019 0.5152363338776812 -2.070224302232249)
exp (0.24887963498358256 1.4059068770493492 0.24217021567693364 2.0241103542239345)
int1e6 (321148 63077 650308 548136 264338 360965 566386 47589)
bytes ef4b683e7dfcf1f1d0b6f163698ea349d5adaf9f2d6761ecf03b6c6aba41be7f
flvector (0.6838994627436393 0.25532213971706796 0.10831978286180599 0.8318632661755213)
shuffle (10 2 3 1 12 14 5 13 9 7 15 0 8 4 11 6)
weighted (3 1 3 1 1 3 1 1)
post-jump (17341966469432555982 16453094848887674481)
long-jump none
fork-parent (17341966469432555982 16453094848887674481)
fork-child (14949158133275231711 7673779577067823817)
wide-stream (7393390586467368967 611106327411167219 474633266587270162 12640637992054954419)
dist-uniform-mean 0.4991381316060824
dist-normal-mean -0.0002713886053455108
dist-normal-var 0.9999146154142451
rktrandom-smoke-ok
